0 1 2
0 2 3
1 5 6
1 6 2
5 9 10
5 10 6
9 0 3
9 3 10
3 2 6
3 6 10
20 21 22
20 22 23
21 25 26
21 26 22
25 29 30
25 30 26
29 20 23
29 23 30
23 22 26
23 26 30
40 41 42
40 42 43
43 42 46
43 46 47
48 49 50
48 50 51
52 53 54
52 54 55
56 57 58
56 58 59
60 61 62
60 62 63
64 65 66
64 66 67
67 66 70
67 70 71
72 73 74
72 74 75
73 72 78
73 78 79
80 81 82
80 82 83
84 85 86
84 86 87
88 89 85
88 85 84
92 93 94
92 94 87
93 92 86
93 86 99
100 101 102
100 102 103
104 105 106
104 106 107
108 109 110
108 110 111
112 113 109
112 109 108
116 117 118
116 118 119
119 118 122
119 122 123
124 125 126
124 126 127
128 129 125
128 125 124
132 133 134
132 134 135
135 134 138
135 138 139
140 141 142
140 142 143
144 145 141
144 141 140
148 149 150
148 150 151
152 153 154
152 154 155
156 157 153
156 153 152
160 161 162
160 162 163
164 165 166
164 166 167
168 169 170
168 170 171
172 168 171
172 171 175
169 177 178
169 178 170
81 78 72
81 72 183
89 80 186
89 186 85
188 189 190
188 190 191
0 9 194
0 194 195
5 1 198
5 198 199
200 201 74
200 74 165
164 94 93
164 93 207
208 209 210
208 210 211
212 211 214
212 214 79
210 217 88
210 88 219
220 221 222
220 222 223
224 225 226
224 226 227
228 229 230
228 230 231
232 233 234
232 234 169
208 212 238
208 238 239
167 166 242
167 242 243
244 245 246
244 246 247
248 249 41
248 41 40
252 43 47
252 47 255
42 257 258
42 258 46
260 243 262
260 262 263
264 265 59
264 59 177
268 265 49
268 49 48
268 234 274
268 274 56
274 242 58
274 58 57
52 281 168
52 168 172
260 285 286
260 286 53
55 54 286
55 286 281
263 262 294
263 294 63
168 285 62
168 62 299
60 294 302
60 302 61
169 51 50
169 50 264
308 64 71
308 71 311
312 313 70
312 70 65
183 72 75
183 75 82
320 321 198
320 198 195
85 186 83
85 83 86
217 329 106
217 106 331
332 107 334
332 334 209
112 111 81
112 81 80
116 123 110
116 110 113
117 128 127
117 127 122
129 132 139
129 139 126
133 144 143
133 143 138
145 357 358
145 358 142
156 155 362
156 362 363
157 365 163
157 163 154
368 162 370
368 370 371
372 373 374
372 374 214
376 377 219
376 219 379
380 381 382
380 382 383
384 385 386
384 386 383
379 389 390
379 390 376
376 390 394
376 394 395
396 397 398
396 398 395
400 401 402
400 402 398
255 405 233
255 233 232
248 43 252
248 252 227
249 226 257
249 257 42
230 417 418
230 418 231
223 222 225
223 225 224
424 229 228
424 228 427
428 321 430
428 430 247
246 313 434
246 434 428
436 437 438
436 438 86
440 441 371
440 371 363
444 445 446
444 446 440
81 449 450
81 450 451
452 453 450
452 450 449
452 358 458
452 458 453
362 368 462
362 462 463
463 462 466
463 466 467
191 469 470
191 470 471
471 470 201
471 201 475
189 477 469
189 469 190
480 481 357
480 357 483
484 480 483
484 483 487
488 484 487
488 487 80
492 493 484
492 484 488
104 497 493
104 493 105
497 480 484
497 484 493
481 480 497
481 497 507
331 106 105
331 105 511
511 105 493
511 493 492
107 332 518
107 518 104
104 518 507
104 507 497
524 93 99
524 99 438
299 302 530
299 530 531
531 530 534
531 534 220
436 320 101
436 101 100
103 102 542
103 542 543
543 312 546
543 546 547
548 437 547
548 547 546
437 548 308
437 308 555
257 418 558
257 558 258
560 561 239
560 239 149
467 384 566
467 566 567
567 566 373
567 373 571
453 458 574
453 574 575
561 560 575
561 575 574
453 575 582
453 582 450
582 575 148
582 148 151
588 589 590
588 590 591
591 590 150
591 150 238
451 450 598
451 598 599
599 598 589
599 589 588
244 430 606
244 606 607
607 606 477
607 477 188
612 376 395
612 395 615
524 437 555
524 555 207
226 231 418
226 418 257
245 625 626
245 626 311
625 475 200
625 200 626
221 633 228
221 228 225
231 226 225
231 225 228
615 395 402
615 402 444
644 645 466
644 466 647
648 644 647
648 647 441
612 571 372
612 372 377
329 334 107
329 107 106
194 199 434
194 434 542
424 427 633
424 633 534
405 558 418
405 418 417
365 370 161
365 161 160
389 677 678
389 678 394
396 678 682
396 682 397
400 682 686
400 686 401
445 686 648
445 648 446
382 693 694
382 694 374
380 697 693
380 693 381
385 645 697
385 697 386
704 705 706
704 706 707
706 709 710
706 710 711
707 706 711
707 711 715
716 707 715
716 715 719
720 721 722
720 722 723
724 725 726
724 726 727
728 725 724
728 724 731
732 733 734
732 734 735
736 737 738
736 738 739
740 741 742
740 742 743
744 745 746
744 746 747
743 749 746
743 746 719
752 753 754
752 754 755
756 757 753
756 753 752
760 761 762
760 762 763
764 765 766
764 766 767
765 769 770
765 770 766
772 773 774
772 774 775
731 727 778
731 778 779
780 781 782
780 782 740
780 785 786
780 786 787
788 789 741
788 741 791
792 793 794
792 794 785
787 786 798
787 798 799
739 738 793
739 793 792
804 805 806
804 806 736
716 745 744
716 744 811
812 813 732
812 732 815
788 817 818
788 818 789
820 806 822
820 822 823
824 825 818
824 818 817
824 823 822
824 822 825
798 794 781
798 781 799
836 837 838
836 838 769
840 841 842
840 842 843
844 845 846
844 846 847
769 838 850
769 850 770
852 853 854
852 854 855
856 857 858
856 858 764
860 861 862
860 862 863
864 865 866
864 866 867
868 869 854
868 854 871
872 873 874
872 874 875
876 877 878
876 878 879
815 732 735
815 735 709
813 885 733
813 733 732
737 820 823
737 823 738
781 788 791
781 791 782
781 738 823
781 823 788
900 901 902
900 902 903
767 905 906
767 906 900
908 909 901
908 901 906
912 913 909
912 909 908
905 850 913
905 913 912
920 921 922
920 922 923
924 925 921
924 921 920
928 929 925
928 925 924
932 933 934
932 934 935
936 934 933
936 933 939
940 864 942
940 942 943
944 945 943
944 943 942
948 949 950
948 950 951
952 953 949
952 949 948
943 948 951
943 951 940
945 952 948
945 948 943
964 852 966
964 966 928
871 853 852
871 852 964
755 754 974
755 974 975
975 974 978
975 978 979
980 981 982
980 982 983
984 985 982
984 982 981
988 989 981
988 981 980
979 984 981
979 981 989
996 997 756
996 756 989
1000 1001 1002
1000 1002 1003
1004 978 1003
1004 1003 1002
982 1009 1010
982 1010 1011
985 1013 1009
985 1009 982
722 1017 1018
722 1018 1019
720 1021 1022
720 1022 1023
1024 723 1019
1024 1019 1027
1021 1024 1030
1021 1030 1022
845 1033 1034
845 1034 846
1033 844 1023
1033 1023 1030
725 1041 1042
725 1042 1043
1044 1045 1043
1044 1043 1042
1045 1049 1050
1045 1050 725
1052 1050 877
1052 877 876
1056 1057 1058
1056 1058 1059
852 1061 929
852 929 966
875 874 1061
875 1061 1067
1068 1069 953
1068 953 944
1072 1073 1069
1072 1069 1068
1073 1072 1078
1073 1078 1079
1049 1044 1082
1049 1082 1083
1084 1085 1083
1084 1083 1082
1088 1089 1085
1088 1085 1084
1092 1093 805
1092 805 804
710 734 1093
710 1093 1092
742 885 841
742 841 840
1104 1105 757
1104 757 997
1108 1109 761
1108 761 1111
847 1034 1109
847 1109 1108
760 1117 1023
760 1023 1111
1120 720 1023
1120 1023 1117
1124 1125 1126
1124 1126 1127
1128 1129 1130
1128 1130 1131
1132 1133 1134
1132 1134 1135
1136 1137 1138
1136 1138 1139
1140 1141 1142
1140 1142 1143
1144 1145 1146
1144 1146 1147
1148 1149 1150
1148 1150 1151
1152 1153 868
1152 868 1155
762 1157 1158
762 1158 1159
762 1105 1162
762 1162 1163
1164 1165 1000
1164 1000 1027
983 1017 1170
983 1170 1171
1172 1173 721
1172 721 988
989 720 1120
989 1120 996
1180 1181 1153
1180 1153 1152
707 1185 1186
707 1186 704
1188 706 705
1188 705 1191
1192 1193 20
1192 20 29
25 21 1198
25 1198 1199
1131 1088 1202
1131 1202 1203
1204 1205 1127
1204 1127 1130
1089 1126 1210
1089 1210 1057
1212 1213 1135
1212 1135 1078
747 749 742
747 742 1219
727 876 879
727 879 778
939 950 1226
939 1226 936
865 932 935
865 935 866
857 860 863
857 863 858
869 872 875
869 875 854
1104 812 1188
1104 1188 1243
811 763 1246
811 1246 1185
861 836 769
861 769 862
923 1128 1203
923 1203 1202
1205 1204 1129
1205 1129 1124
1125 922 1057
1125 1057 1210
903 1132 1213
903 1213 1212
1268 840 843
1268 843 1271
1272 1041 728
1272 728 731
854 875 1067
854 1067 855
1272 731 779
1272 779 1155
726 1052 876
726 876 727
1009 1002 1001
1009 1001 1010
1013 1004 1002
1013 1002 1009
1219 742 840
1219 840 1268
763 762 1159
763 1159 1246
1057 1305 1306
1057 1306 1058
1308 1309 1133
1308 1133 1136
1312 1313 1137
1312 1137 1140
1316 1317 1141
1316 1141 1145
1320 1321 1146
1320 1146 1149
1324 1325 1150
1324 1150 902
1309 1308 1139
1309 1139 1134
1313 1312 1143
1313 1143 1138
1317 1316 1144
1317 1144 1142
1321 1320 1148
1321 1148 1147
1325 1324 1079
1325 1079 1151
873 772 775
873 775 1305
1056 1158 1157
1056 1157 878
1226 837 1181
1226 1181 1180
773 1104 1243
773 1243 774
1364 773 856
1364 856 867
1198 1193 1165
1198 1165 1164
1192 1199 1018
1192 1018 1011
1171 1170 1173
1171 1173 1172
1271 842 1104
1271 1104 763
1163 1162 773
1163 773 1364
1388 1389 1390
1388 1390 1391
1392 1393 1394
1392 1394 1395
178 1191 1398
178 1398 1399
1400 1401 1186
1400 1186 175
1392 1405 1406
1392 1406 1407
1405 1389 1410
1405 1410 1406
1407 1406 1414
1407 1414 1393
1406 1410 1388
1406 1388 1414
1420 1391 1399
1420 1399 1423
1394 1420 1423
1394 1423 1398
1428 1395 1401
1428 1401 1431
1390 1428 1431
1390 1431 1400
1186 1437 1438
1186 1438 1439
1440 1441 1442
1440 1442 175
1444 1445 1446
1444 1446 1191
178 1449 1450
178 1450 1451
1441 1440 175
1441 175 1442
1439 1438 1437
1439 1437 1186
1451 1450 1449
1451 1449 178
1445 1444 1191
1445 1191 1446
1468 1469 1470
1468 1470 1471
1472 1473 1474
1472 1474 1475
1476 1477 1478
1476 1478 1479
1479 1481 1482
1479 1482 1483
1484 1485 1486
1484 1486 1487
1488 1489 1490
1488 1490 1491
1492 1493 1489
1492 1489 1488
1487 1497 1498
1487 1498 1499
1500 1501 1502
1500 1502 1503
1504 1502 1499
1504 1499 1507
1508 1498 1503
1508 1503 1511
1507 1508 1511
1507 1511 1504
1516 1474 1518
1516 1518 1519
1520 1521 1522
1520 1522 1523
1521 1525 1526
1521 1526 1518
1528 1526 1525
1528 1525 1531
1519 1528 1531
1519 1531 1520
1536 1537 1523
1536 1523 1522
1484 1541 1542
1484 1542 1543
1544 1545 1546
1544 1546 1547
1548 1546 1550
1548 1550 1551
1552 1553 1554
1552 1554 1545
1550 1557 1558
1550 1558 1542
1560 1558 1557
1560 1557 1563
1543 1560 1563
1543 1563 1554
1568 1569 1570
1568 1570 1571
1572 1573 1570
1572 1570 1469
1576 1577 1468
1576 1468 1571
1573 1572 1577
1573 1577 1576
1477 1476 1586
1477 1586 1587
1588 1586 1590
1588 1590 1591
1592 1593 1587
1592 1587 1595
1591 1592 1595
1591 1595 1588
1483 1482 1602
1483 1602 1603
1604 1602 1606
1604 1606 1607
1608 1609 1603
1608 1603 1611
1607 1608 1611
1607 1611 1604
1616 1617 1618
1616 1618 1619
694 1306 1622
694 1622 1617
1569 1625 1626
1569 1626 1470
1628 1593 1568
1628 1568 1471
1481 1633 1634
1481 1634 1616
1544 1547 1548
1544 1548 1639
1501 1472 1475
1501 1475 1516
1644 1628 1646
1644 1646 1647
1648 1649 1497
1648 1497 1644
1609 1606 1625
1609 1625 1590
1656 1633 1536
1656 1536 1473
1648 1656 1500
1648 1500 1649
1664 1665 1666
1664 1666 1667
1668 1669 1670
1668 1670 1488
1488 1673 1647
1488 1647 1675
1667 1666 1678
1667 1678 1679
1191 178 1682
1191 1682 1683
1678 1665 1675
1678 1675 1683
1679 1669 1690
1679 1690 1691
1692 1693 1618
1692 1618 1622
1690 1668 1664
1690 1664 1691
1682 1634 1633
1682 1633 1703
1490 1493 1706
1490 1706 1707
1491 1707 1633
1491 1633 1673
1706 1492 1670
1706 1670 1703
1716 1646 1628
1716 1628 1626
1551 1541 1537
1551 1537 1723
1485 1725 1726
1485 1726 1486
1726 1723 1478
1726 1478 1628
1553 1552 1639
1553 1639 1725
1736 1737 1738
1736 1738 1739
1059 677 1742
1059 1742 1739
1744 1745 1746
1744 1746 1747
1748 1749 1750
1748 1750 1751
1752 1753 1754
1752 1754 1748
1756 1757 1758
1756 1758 1759
1760 1761 1762
1760 1762 1759
1764 1765 1766
1764 1766 1767
1768 1769 1770
1768 1770 1771
175 1186 1774
175 1774 1775
1770 1777 1778
1770 1778 1775
1771 1781 1782
1771 1782 1783
1784 1785 1786
1784 1786 1787
1788 1789 1790
1788 1790 1791
1752 1793 1794
1752 1794 1753
1769 1768 1798
1769 1798 1777
1798 1783 1782
1798 1782 1803
1804 1805 1774
1804 1774 1760
1803 1781 1810
1803 1810 1811
1811 1813 1751
1811 1751 1778
1816 1817 1818
1816 1818 1819
1820 1821 1822
1820 1822 1823
1824 1825 1826
1824 1826 1827
1828 1829 1830
1828 1830 1831
1832 1750 1749
1832 1749 1835
1788 1837 1822
1788 1822 1839
1827 1830 1842
1827 1842 1843
1844 1845 1839
1844 1839 1826
1804 1813 1850
1804 1850 1851
1810 1805 1854
1810 1854 1855
1856 1761 1738
1856 1738 1859
1832 1861 1746
1832 1746 1856
1864 1865 1742
1864 1742 1859
1811 1869 1851
1811 1851 1850
1855 1854 1869
1855 1869 1811
1876 1843 1842
1876 1842 1879
1828 1861 1882
1828 1882 1829
1844 1885 1886
1844 1886 1845
1886 1885 1890
1886 1890 1835
1892 1785 1784
1892 1784 1895
1793 1758 1757
1793 1757 1794
1900 1744 1747
1900 1747 1903
1904 1905 1745
1904 1745 1900
1908 1909 1910
1908 1910 1911
1818 1817 1910
1818 1910 1909
1819 1823 1837
1819 1837 1816
1789 1754 1922
1789 1922 1790
1756 1764 1767
1756 1767 1927
1821 1929 1930
1821 1930 1931
1929 1762 1905
1929 1905 1904
1876 1879 1882
1876 1882 1939
1791 1941 1908
1791 1908 1911
1820 1941 1946
1820 1946 1947
1947 1949 1950
1947 1950 1765
1952 1950 1949
1952 1949 1955
1955 1946 1958
1955 1958 1952
1766 1958 1962
1766 1962 1963
1927 1963 1966
1927 1966 1967
1968 1969 1970
1968 1970 1966
1972 1970 1969
1972 1969 1975
1967 1972 1975
1967 1975 1979
1979 1968 1982
1979 1982 1892
1984 1985 1895
1984 1895 1987
1987 1787 1786
1987 1786 1982
1992 1984 1962
1992 1962 1995
1996 1922 1985
1996 1985 1999
1995 1996 1999
1995 1999 1992
2004 2005 2006
2004 2006 2007
2008 2004 1903
2008 1903 2011
2012 1831 2005
2012 2005 2015
2011 2012 2015
2011 2015 2008
1824 2021 2022
1824 2022 1825
2024 2022 2021
2024 2021 2027
1890 2024 2027
1890 2027 1939
1931 1930 2007
1931 2007 2006
677 1059 1058
677 1058 644
1306 694 644
1306 644 1058
2044 2045 2046
2044 2046 2047
2048 2049 2050
2048 2050 2046
2052 2050 2049
2052 2049 2055
2052 2055 2058
2052 2058 2047
2060 2061 2049
2060 2049 2048
2049 2061 2066
2049 2066 2067
2066 2069 2070
2066 2070 2067
2072 2055 2070
2072 2070 2069
2055 2072 2078
2055 2078 2058
2060 2081 2082
2060 2082 2061
2082 2085 2072
2082 2072 2061
2088 2078 2072
2088 2072 2085
2088 2081 2094
2088 2094 2095
2096 2097 2098
2096 2098 2099
1716 2098 2097
1716 2097 1692
2099 1619 1693
2099 1693 2096
1619 2099 2110
1619 2110 2111
2112 2113 2098
2112 2098 1716
2097 2096 1693
2097 1693 1692
2111 2110 2095
2111 2095 2094
2113 2112 2045
2113 2045 2044
2112 2111 2094
2112 2094 2045
2044 2095 2110
2044 2110 2113
2136 2137 2138
2136 2138 2139
2140 2136 2139
2140 2139 2143
2143 2139 2138
2143 2138 2147
2147 2138 2137
2147 2137 2151
2151 2137 2136
2151 2136 2140
2143 2147 2151
2143 2151 2140
2160 2161 2162
2160 2162 2163
2164 2160 2163
2164 2163 2167
2167 2163 2162
2167 2162 2171
2171 2162 2161
2171 2161 2175
2175 2161 2160
2175 2160 2164
2167 2171 2175
2167 2175 2164
2184 2185 2186
2184 2186 2187
2188 2184 2187
2188 2187 2191
2191 2187 2186
2191 2186 2195
2195 2186 2185
2195 2185 2199
2199 2185 2184
2199 2184 2188
2191 2195 2199
2191 2199 2188
2208 2209 2210
2208 2210 2211
2212 2208 2211
2212 2211 2215
2215 2211 2210
2215 2210 2219
2219 2210 2209
2219 2209 2223
2223 2209 2208
2223 2208 2212
2215 2219 2223
2215 2223 2212
2232 2233 2234
2232 2234 2235
2236 2237 2233
2236 2233 2232
2236 2232 2235
2236 2235 2243
2235 2234 2246
2235 2246 2243
2246 2234 2233
2246 2233 2237
2243 2246 2237
2243 2237 2236
2256 2257 2258
2256 2258 2259
2260 2258 2257
2260 2257 2263
2263 2257 2256
2263 2256 2267
2267 2256 2259
2267 2259 2271
2271 2259 2258
2271 2258 2260
2263 2267 2271
2263 2271 2260
2280 2281 2282
2280 2282 2283
2284 2281 2280
2284 2280 2287
2287 2280 2283
2287 2283 2291
2291 2283 2282
2291 2282 2295
2295 2282 2281
2295 2281 2284
2291 2295 2284
2291 2284 2287
2304 2305 2306
2304 2306 2307
2308 2309 2305
2308 2305 2304
2308 2304 2307
2308 2307 2315
2307 2306 2318
2307 2318 2315
2318 2306 2305
2318 2305 2309
2315 2318 2309
2315 2309 2308
2328 2329 2330
2328 2330 2331
2332 2329 2328
2332 2328 2335
2335 2328 2331
2335 2331 2339
2339 2331 2330
2339 2330 2343
2343 2330 2329
2343 2329 2332
2335 2339 2343
2335 2343 2332
2352 2353 2354
2352 2354 2355
2356 2353 2352
2356 2352 2359
2359 2352 2355
2359 2355 2363
2363 2355 2354
2363 2354 2367
2367 2354 2353
2367 2353 2356
2359 2363 2367
2359 2367 2356
2376 2377 2378
2376 2378 2379
2380 2378 2377
2380 2377 2383
2383 2377 2376
2383 2376 2387
2387 2376 2379
2387 2379 2391
2383 2387 2391
2383 2391 2380
2378 2380 2391
2378 2391 2379
2400 2401 2402
2400 2402 2403
2404 2402 2401
2404 2401 2407
2401 2400 2410
2401 2410 2407
2410 2400 2403
2410 2403 2415
2407 2410 2415
2407 2415 2404
2402 2404 2415
2402 2415 2403
2424 2425 2426
2424 2426 2427
2428 2426 2425
2428 2425 2431
2424 2433 2431
2424 2431 2425
2433 2424 2427
2433 2427 2439
2431 2433 2439
2431 2439 2428
2439 2427 2426
2439 2426 2428
2448 2449 2450
2448 2450 2451
2452 2450 2449
2452 2449 2455
2455 2449 2448
2455 2448 2459
2459 2448 2451
2459 2451 2463
2455 2459 2463
2455 2463 2452
2452 2463 2451
2452 2451 2450
2472 2473 2474
2472 2474 2475
2476 2477 2478
2476 2478 2479
2480 2481 2477
2480 2477 2483
2484 2485 2474
2484 2474 2487
2488 2485 2490
2488 2490 2491
2478 2487 2473
2478 2473 2479
2496 2497 2498
2496 2498 2499
2500 2501 2502
2500 2502 2503
2504 2498 2506
2504 2506 2507
2508 2509 2510
2508 2510 2511
2512 2501 2510
2512 2510 2515
2496 2502 2512
2496 2512 2497
2520 2472 2475
2520 2475 2488
2476 2520 2480
2476 2480 2483
2491 2490 2484
2491 2484 2481
2503 2533 2511
2503 2511 2500
2509 2508 2506
2509 2506 2515
2533 2499 2504
2533 2504 2507
2544 2545 2546
2544 2546 2547
2548 2549 2550
2548 2550 2551
2552 2550 2554
2552 2554 2555
2556 2557 2555
2556 2555 2544
2544 2547 2562
2544 2562 2556
2564 2565 2551
2564 2551 2567
2568 2562 2547
2568 2547 2564
2572 2573 2557
2572 2557 2556
2576 2577 2578
2576 2578 2572
2562 2568 2582
2562 2582 2576
2584 2585 2582
2584 2582 2573
2585 2589 2577
2585 2577 2582
2589 2593 2578
2589 2578 2577
2593 2584 2573
2593 2573 2578
2600 2585 2584
2600 2584 2603
2552 2567 2551
2552 2551 2550
2557 2568 2567
2557 2567 2552
2545 2554 2549
2545 2549 2615
2548 2617 2615
2548 2615 2549
2617 2548 2565
2617 2565 2546
2615 2617 2546
2615 2546 2545
2628 2629 2630
2628 2630 2631
2631 2633 2634
2631 2634 2628
2630 2637 2633
2630 2633 2631
2629 2641 2637
2629 2637 2630
2641 2629 2628
2641 2628 2634
2633 2637 2641
2633 2641 2634
2652 2653 2654
2652 2654 2655
2656 2657 2655
2656 2655 2654
2653 2652 2655
2653 2655 2654
2657 2656 2654
2657 2654 2655
2668 2669 2670
2668 2670 2671
2669 2668 2671
2669 2671 2670
2676 2677 2678
2676 2678 2679
2677 2676 2679
2677 2679 2678
2684 2685 2686
2684 2686 2687
2685 2684 2687
2685 2687 2686
2692 2693 2694
2692 2694 2695
2693 2692 2698
2693 2698 2699
2693 2692 2695
2693 2695 2694
2692 2693 2699
2692 2699 2698
2708 2709 2710
2708 2710 2711
2709 2708 2714
2709 2714 2709
2709 2708 2711
2709 2711 2710
2708 2709 2714
2708 2714 2708
2724 2725 2726
2724 2726 2727
2728 2729 2730
2728 2730 2731
2732 2733 2734
2732 2734 2735
2733 2732 2735
2733 2735 2734
2740 2741 2742
2740 2742 2743
2744 2745 2746
2744 2746 2747
2748 2749 2750
2748 2750 2751
2749 2748 2751
2749 2751 2750
2756 2757 2758
2756 2758 2759
2760 2761 2762
2760 2762 2763
2764 2765 2766
2764 2766 2767
2767 2766 2765
2767 2765 2764
2772 2773 2774
2772 2774 2775
2775 2774 2773
2775 2773 2772
2780 2781 2782
2780 2782 2783
2783 2782 2781
2783 2781 2780
2788 2789 2790
2788 2790 2791
2791 2790 2789
2791 2789 2788
2796 2797 2798
2796 2798 2799
2799 2798 2797
2799 2797 2796
2804 2805 2806
2804 2806 2807
2808 2809 2810
2808 2810 2811
2812 2813 2814
2812 2814 2815
2816 2817 2818
2816 2818 2819
2820 2821 2822
2820 2822 2823
2824 2825 2826
2824 2826 2827
2828 2829 2830
2828 2830 2831
2832 2833 2834
2832 2834 2835
2836 2837 2838
2836 2838 2839
2837 2836 2839
2837 2839 2838
2838 2845 2846
2838 2846 2847
2839 2838 2847
2839 2847 2851
2845 2839 2851
2845 2851 2846
2856 2857 2858
2856 2858 2859
2859 2858 2857
2859 2857 2856
2864 2865 2866
2864 2866 2867
2868 2869 2870
2868 2870 2871
2872 2873 2874
2872 2874 2875
2876 2877 2878
2876 2878 2879
2880 2881 2882
2880 2882 2883
2884 2885 2886
2884 2886 2887
2888 2889 2890
2888 2890 2891
2892 2893 2894
2892 2894 2895
2896 2897 2898
2896 2898 2899
2900 2901 2902
2900 2902 2903
2904 2905 2906
2904 2906 2907
2908 2909 2905
2908 2905 2904
2912 2913 2914
2912 2914 2915
2916 2917 2918
2916 2918 2919
2920 2921 2922
2920 2922 2923
2924 2925 2926
2924 2926 2927
2928 2929 2930
2928 2930 2931
2929 2928 2931
2929 2931 2930
2936 2937 2938
2936 2938 2939
2937 2936 2939
2937 2939 2938
2944 2945 2946
2944 2946 2947
2945 2944 2947
2945 2947 2946
2952 2953 2954
2952 2954 2955
2955 2954 2953
2955 2953 2952
2960 2961 2962
2960 2962 2963
2963 2962 2961
2963 2961 2960
2968 2969 2970
2968 2970 2971
2972 2968 2971
2972 2971 2975
2975 2971 2970
2975 2970 2979
2979 2970 2969
2979 2969 2983
2983 2969 2968
2983 2968 2972
2975 2979 2983
2975 2983 2972
2992 2993 2994
2992 2994 2995
2996 2992 2995
2996 2995 2999
2995 2994 3002
2995 3002 2999
3002 2994 2993
3002 2993 3007
2996 3007 2993
2996 2993 2992
3007 2996 2999
3007 2999 3002
3016 3017 3018
3016 3018 3019
3020 3018 3017
3020 3017 3023
3017 3016 3026
3017 3026 3023
3026 3016 3019
3026 3019 3031
3019 3018 3020
3019 3020 3031
3023 3026 3031
3023 3031 3020
3040 3041 3042
3040 3042 3043
3044 3045 3046
3044 3046 3047
3045 3044 3050
3045 3050 3042
3045 3042 3041
3045 3041 3046
3056 3040 3043
3056 3043 3059
3060 3061 3044
3060 3044 3047
3041 3065 3047
3041 3047 3046
3068 3047 3065
3068 3065 3040
3059 3061 3060
3059 3060 3056
3047 3068 3056
3047 3056 3060
3061 3059 3082
3061 3082 3044
3043 3050 3044
3043 3044 3082
3088 3089 3090
3088 3090 3091
3092 3088 3091
3092 3091 3095
3095 3091 3090
3095 3090 3099
3099 3090 3089
3099 3089 3103
3103 3089 3088
3103 3088 3092
3103 3092 3095
3103 3095 3099
3112 3113 3114
3112 3114 3115
3116 3115 3114
3116 3114 3119
3119 3114 3113
3119 3113 3123
3123 3113 3112
3123 3112 3127
3127 3112 3115
3127 3115 3116
3123 3127 3116
3123 3116 3119
3136 3137 3138
3136 3138 3139
3139 3138 3142
3139 3142 3143
3138 3137 3146
3138 3146 3142
3137 3136 3150
3137 3150 3146
3143 3150 3136
3143 3136 3139
3156 3157 3158
3156 3158 3159
3159 3161 3162
3159 3162 3156
3164 3162 3161
3164 3161 3167
3167 3158 3157
3167 3157 3164
3162 3164 3157
3162 3157 3156
3143 3142 3159
3143 3159 3158
3150 3143 3158
3150 3158 3167
3146 3150 3167
3146 3167 3161
3142 3146 3161
3142 3161 3159
3192 3193 3194
3192 3194 3195
3196 3192 3195
3196 3195 3199
3195 3194 3202
3195 3202 3199
3202 3194 3193
3202 3193 3207
3196 3207 3193
3196 3193 3192
3207 3196 3199
3207 3199 3202
3216 3217 3218
3216 3218 3219
3220 3216 3219
3220 3219 3223
3219 3218 3226
3219 3226 3223
3226 3218 3217
3226 3217 3231
3220 3231 3217
3220 3217 3216
3231 3220 3223
3231 3223 3226
3240 3241 3242
3240 3242 3243
3244 3245 3246
3244 3246 3247
3247 3246 3250
3247 3250 3242
3247 3242 3241
3247 3241 3244
3243 3257 3258
3243 3258 3240
3260 3261 3246
3260 3246 3245
3241 3265 3245
3241 3245 3244
3265 3240 3270
3265 3270 3245
3257 3261 3260
3257 3260 3258
3245 3270 3258
3245 3258 3260
3280 3246 3261
3280 3261 3257
3243 3250 3246
3243 3246 3280
3288 3289 3290
3288 3290 3291
3292 3289 3288
3292 3288 3295
3295 3288 3291
3295 3291 3299
3299 3291 3290
3299 3290 3303
3303 3290 3289
3303 3289 3292
3299 3303 3292
3299 3292 3295
3312 3313 3314
3312 3314 3315
3316 3312 3315
3316 3315 3319
3315 3314 3322
3315 3322 3319
3322 3314 3313
3322 3313 3327
3316 3327 3313
3316 3313 3312
3327 3316 3319
3327 3319 3322
3336 3337 3338
3336 3338 3339
3340 3337 3336
3340 3336 3343
3343 3336 3339
3343 3339 3347
3347 3339 3338
3347 3338 3351
3351 3338 3337
3351 3337 3340
3340 3343 3347
3340 3347 3351
3360 3361 3362
3360 3362 3363
3364 3365 3360
3364 3360 3363
3368 3364 3363
3368 3363 3362
3372 3368 3362
3372 3362 3361
3365 3372 3361
3365 3361 3360
3380 3381 3382
3380 3382 3383
3384 3382 3381
3384 3381 3387
3388 3384 3387
3388 3387 3391
3391 3380 3383
3391 3383 3388
3384 3388 3383
3384 3383 3382
3365 3364 3381
3365 3381 3380
3372 3365 3380
3372 3380 3391
3368 3372 3391
3368 3391 3387
3364 3368 3387
3364 3387 3381
3416 3417 3418
3416 3418 3419
3420 3417 3416
3420 3416 3423
3423 3416 3419
3423 3419 3427
3427 3419 3418
3427 3418 3431
3431 3418 3417
3431 3417 3420
3427 3431 3420
3427 3420 3423
3440 3441 3442
3440 3442 3443
3444 3440 3443
3444 3443 3447
3443 3442 3450
3443 3450 3447
3450 3442 3441
3450 3441 3455
3444 3455 3441
3444 3441 3440
3455 3444 3447
3455 3447 3450
3464 3465 3466
3464 3466 3467
3468 3464 3467
3468 3467 3471
3467 3466 3474
3467 3474 3471
3465 3477 3474
3465 3474 3466
3465 3464 3468
3465 3468 3477
3477 3468 3471
3477 3471 3474
3488 3489 3490
3488 3490 3491
3492 3493 3494
3492 3494 3495
3495 3494 3498
3495 3498 3490
3489 3492 3495
3489 3495 3490
3491 3505 3506
3491 3506 3488
3494 3493 3510
3494 3510 3511
3493 3492 3489
3493 3489 3515
3515 3488 3518
3515 3518 3493
3510 3506 3505
3510 3505 3511
3493 3518 3506
3493 3506 3510
3491 3498 3494
3491 3494 3531
3531 3494 3511
3531 3511 3505
3536 3537 3538
3536 3538 3539
3540 3538 3537
3540 3537 3543
3544 3543 3537
3544 3537 3536
3544 3536 3539
3544 3539 3551
3539 3538 3540
3539 3540 3551
3543 3544 3551
3543 3551 3540
3560 3561 3562
3560 3562 3563
3564 3563 3562
3564 3562 3567
3567 3562 3561
3567 3561 3571
3571 3561 3560
3571 3560 3575
3575 3560 3563
3575 3563 3564
3571 3575 3564
3571 3564 3567
3584 3585 3586
3584 3586 3587
3588 3589 3584
3588 3584 3587
3592 3588 3587
3592 3587 3586
3586 3585 3598
3586 3598 3592
3585 3584 3589
3585 3589 3598
3604 3605 3606
3604 3606 3607
3607 3609 3610
3607 3610 3604
3609 3613 3614
3609 3614 3610
3605 3614 3613
3605 3613 3606
3605 3604 3610
3605 3610 3614
3589 3588 3607
3589 3607 3606
3598 3589 3606
3598 3606 3613
3592 3598 3613
3592 3613 3609
3588 3592 3609
3588 3609 3607
3640 3641 3642
3640 3642 3643
3644 3640 3643
3644 3643 3647
3647 3643 3642
3647 3642 3651
3651 3642 3641
3651 3641 3655
3655 3641 3640
3655 3640 3644
3647 3651 3655
3647 3655 3644
3664 3665 3666
3664 3666 3667
3668 3664 3667
3668 3667 3671
3667 3666 3674
3667 3674 3671
3674 3666 3665
3674 3665 3679
3668 3679 3665
3668 3665 3664
3679 3668 3671
3679 3671 3674
3688 3689 3690
3688 3690 3691
3692 3690 3689
3692 3689 3695
3689 3688 3698
3689 3698 3695
3698 3688 3691
3698 3691 3703
3691 3690 3692
3691 3692 3703
3695 3698 3703
3695 3703 3692
3712 3713 3714
3712 3714 3715
3716 3717 3718
3716 3718 3719
3719 3718 3722
3719 3722 3714
3713 3716 3719
3713 3719 3714
3715 3729 3730
3715 3730 3712
3718 3717 3734
3718 3734 3735
3717 3716 3713
3717 3713 3739
3739 3712 3742
3739 3742 3717
3729 3735 3734
3729 3734 3730
3717 3742 3730
3717 3730 3734
3715 3722 3718
3715 3718 3755
3735 3729 3755
3735 3755 3718
3760 3761 3762
3760 3762 3763
3764 3762 3761
3764 3761 3767
3760 3769 3767
3760 3767 3761
3769 3760 3763
3769 3763 3775
3775 3763 3762
3775 3762 3764
3767 3769 3775
3767 3775 3764
3784 3785 3786
3784 3786 3787
3788 3785 3784
3788 3784 3791
3791 3784 3787
3791 3787 3795
3795 3787 3786
3795 3786 3799
3799 3786 3785
3799 3785 3788
3788 3791 3795
3788 3795 3799
3808 3809 3810
3808 3810 3811
3812 3813 3811
3812 3811 3810
3816 3812 3810
3816 3810 3809
3809 3808 3822
3809 3822 3816
3813 3822 3808
3813 3808 3811
3828 3829 3830
3828 3830 3831
3832 3828 3831
3832 3831 3835
3835 3837 3838
3835 3838 3832
3829 3838 3837
3829 3837 3830
3828 3832 3838
3828 3838 3829
3813 3812 3831
3813 3831 3830
3822 3813 3830
3822 3830 3837
3816 3822 3837
3816 3837 3835
3812 3816 3835
3812 3835 3831
3864 3865 3866
3864 3866 3867
3865 3864 3867
3865 3867 3871
3872 3873 3874
3872 3874 3875
3876 3877 3878
3876 3878 3879
3880 3867 3866
3880 3866 3883
3883 3866 3865
3883 3865 3883
3878 3889 3890
3878 3890 3879
3879 3890 3876
3879 3876 3879
3896 3897 3898
3896 3898 3899
3897 3896 3899
3897 3899 3898
3904 3905 3906
3904 3906 3907
3905 3904 3907
3905 3907 3906
3912 3913 3914
3912 3914 3915
3913 3912 3915
3913 3915 3914
3920 3921 3922
3920 3922 3923
3921 3920 3923
3921 3923 3922
3928 3929 3930
3928 3930 3931
3932 3933 3934
3932 3934 3935
3936 3937 3938
3936 3938 3939
3940 3941 3942
3940 3942 3943
3944 3945 3946
3944 3946 3947
3948 3949 3950
3948 3950 3951
3952 3953 3954
3952 3954 3955
3956 3957 3958
3956 3958 3959
3960 3961 3962
3960 3962 3963
3964 3965 3966
3964 3966 3967
3968 3969 3970
3968 3970 3971
3972 3973 3974
3972 3974 3975
3976 3977 3978
3976 3978 3979
3980 3981 3982
3980 3982 3983
3984 3985 3986
3984 3986 3987
3931 3930 3929
3931 3929 3928
3935 3934 3933
3935 3933 3932
3939 3938 3937
3939 3937 3936
3943 3942 3941
3943 3941 3940
3947 3946 3945
3947 3945 3944
3951 3950 3949
3951 3949 3948
3955 3954 3953
3955 3953 3952
3959 3958 3957
3959 3957 3956
3963 3962 3961
3963 3961 3960
3967 3966 3965
3967 3965 3964
3971 3970 3969
3971 3969 3968
3975 3974 3973
3975 3973 3972
3979 3978 3977
3979 3977 3976
3983 3982 3981
3983 3981 3980
3987 3986 3985
3987 3985 3984
4048 4049 4050
4048 4050 4051
4049 4048 4051
4049 4051 4050
4049 4057 4058
4049 4058 4050
4057 4049 4050
4057 4050 4058
4064 4058 4057
4064 4057 4067
4058 4064 4067
4058 4067 4057
4072 4073 4074
4072 4074 4075
4073 4072 4075
4073 4075 4074
4080 4081 4082
4080 4082 4083
4075 4083 4082
4075 4082 4072
4083 4075 4072
4083 4072 4082
4081 4080 4083
4081 4083 4082
4096 4097 4098
4096 4098 4099
4097 4096 4099
4097 4099 4098
4104 4105 4106
4104 4106 4107
4108 4105 4104
4108 4104 4111
4111 4104 4107
4111 4107 4115
4115 4107 4118
4115 4118 4115
4120 4106 4105
4120 4105 4108
4115 4120 4108
4115 4108 4111
4107 4106 4118
4107 4118 4107
4106 4120 4118
4106 4118 4106
4120 4115 4118
4120 4118 4120
4140 4141 4142
4140 4142 4143
4144 4145 4141
4144 4141 4140
4143 4142 4150
4143 4150 4151
4151 4150 4145
4151 4145 4144
4156 4157 4158
4156 4158 4159
4160 4161 4162
4160 4162 4163
4164 4165 4166
4164 4166 4167
4168 4169 4170
4168 4170 4171
4172 4173 4174
4172 4174 4175
4176 4177 4178
4176 4178 4179
4180 4181 4182
4180 4182 4183
4184 4185 4186
4184 4186 4187
4188 4189 4190
4188 4190 4191
4192 4193 4194
4192 4194 4195
4196 4197 4198
4196 4198 4199
4200 4201 4202
4200 4202 4203
4204 4205 4206
4204 4206 4207
4208 4209 4210
4208 4210 4211
4212 4213 4214
4212 4214 4215
4159 4158 4157
4159 4157 4156
4163 4162 4161
4163 4161 4160
4167 4166 4165
4167 4165 4164
4171 4170 4169
4171 4169 4168
4175 4174 4173
4175 4173 4172
4179 4178 4177
4179 4177 4176
4183 4182 4181
4183 4181 4180
4187 4186 4185
4187 4185 4184
4191 4190 4189
4191 4189 4188
4195 4194 4193
4195 4193 4192
4199 4198 4197
4199 4197 4196
4203 4202 4201
4203 4201 4200
4207 4206 4205
4207 4205 4204
4211 4210 4209
4211 4209 4208
4215 4214 4213
4215 4213 4212
4276 4277 4278
4276 4278 4279
4277 4276 4279
4277 4279 4278
4284 4276 4279
4284 4279 4287
4276 4284 4287
4276 4287 4279
4292 4284 4287
4292 4287 4295
4295 4287 4284
4295 4284 4292
4300 4301 4302
4300 4302 4303
4303 4302 4301
4303 4301 4300
4308 4309 4310
4308 4310 4311
4301 4311 4310
4301 4310 4302
4311 4301 4302
4311 4302 4310
4309 4308 4311
4309 4311 4310
4324 4325 4326
4324 4326 4327
4325 4324 4327
4325 4327 4326
4332 4333 4334
4332 4334 4335
4336 4333 4332
4336 4332 4339
4339 4332 4335
4339 4335 4343
4343 4335 4346
4343 4346 4343
4348 4334 4333
4348 4333 4336
4343 4348 4336
4343 4336 4339
4335 4334 4346
4335 4346 4335
4334 4348 4346
4334 4346 4334
4348 4343 4346
4348 4346 4348
4368 4369 4370
4368 4370 4371
4372 4373 4369
4372 4369 4368
4371 4370 4378
4371 4378 4379
4379 4378 4373
4379 4373 4372
4384 4385 4386
4384 4386 4387
4384 4389 4390
4384 4390 4385
4392 4393 4387
4392 4387 4386
4393 4392 4398
4393 4398 4399
4390 4389 4399
4390 4399 4398
4385 4392 4386
4385 4386 4385
4392 4390 4398
4392 4398 4392
4393 4384 4387
4393 4387 4393
4389 4393 4399
4389 4399 4389
4420 4421 4422
4420 4422 4423
4424 4425 4420
4424 4420 4423
4428 4429 4425
4428 4425 4424
4429 4428 4434
4429 4434 4435
4435 4434 4422
4435 4422 4421
4429 4420 4425
4429 4425 4429
4421 4429 4435
4421 4435 4421
4423 4428 4424
4423 4424 4423
4428 4422 4434
4428 4434 4428
4456 4457 4458
4456 4458 4459
4460 4461 4462
4460 4462 4456
4461 4460 4466
4461 4466 4467
4468 4469 4470
4468 4470 4466
4469 4468 4474
4469 4474 4475
4476 4477 4478
4476 4478 4474
4480 4481 4477
4480 4477 4476
4484 4485 4481
4484 4481 4480
4488 4489 4485
4488 4485 4484
4492 4493 4489
4492 4489 4488
4496 4497 4493
4496 4493 4499
4500 4501 4497
4500 4497 4496
4504 4505 4501
4504 4501 4507
4508 4509 4505
4508 4505 4504
4512 4513 4509
4512 4509 4508
4516 4517 4513
4516 4513 4512
4520 4521 4517
4520 4517 4516
4524 4520 4526
4524 4526 4527
4528 4529 4527
4528 4527 4526
4532 4533 4534
4532 4534 4528
4536 4537 4533
4536 4533 4532
4540 4541 4542
4540 4542 4536
4544 4545 4546
4544 4546 4547
4548 4549 4550
4548 4550 4551
4552 4553 4554
4552 4554 4555
4553 4557 4558
4553 4558 4554
4557 4561 4562
4557 4562 4558
4564 4565 4566
4564 4566 4567
4567 4566 4466
4567 4466 4460
4565 4573 4574
4565 4574 4566
4566 4574 4468
4566 4468 4466
4573 4581 4582
4573 4582 4574
4574 4582 4474
4574 4474 4468
4581 4589 4590
4581 4590 4582
4582 4590 4476
4582 4476 4474
4596 4597 4598
4596 4598 4599
4599 4598 4488
4599 4488 4484
4597 4605 4606
4597 4606 4598
4598 4606 4492
4598 4492 4488
4612 4613 4614
4612 4614 4615
4615 4614 4504
4615 4504 4507
4613 4621 4622
4613 4622 4614
4614 4622 4508
4614 4508 4504
4628 4629 4630
4628 4630 4631
4631 4630 4520
4631 4520 4516
4629 4637 4638
4629 4638 4630
4630 4638 4526
4630 4526 4520
4637 4645 4646
4637 4646 4638
4638 4646 4528
4638 4528 4526
4645 4653 4654
4645 4654 4646
4646 4654 4532
4646 4532 4528
4660 4661 4662
4660 4662 4663
4664 4665 4666
4664 4666 4667
4665 4669 4670
4665 4670 4666
4672 4673 4674
4672 4674 4675
4673 4677 4678
4673 4678 4674
4461 4467 4470
4461 4470 4683
4462 4461 4683
4462 4683 4457
4534 4533 4690
4534 4690 4529
4533 4537 4542
4533 4542 4690
4696 4697 4698
4696 4698 4699
4700 4696 4699
4700 4699 4703
4704 4458 4696
4704 4696 4700
4708 4709 4710
4708 4710 4711
4712 4713 4714
4712 4714 4715
4716 4713 4541
4716 4541 4719
4720 4714 4713
4720 4713 4716
4724 4725 4726
4724 4726 4727
4708 4729 4730
4708 4730 4731
4731 4730 4734
4731 4734 4709
4729 4737 4738
4729 4738 4730
4730 4738 4664
4730 4664 4734
4744 4745 4746
4744 4746 4747
4747 4746 4750
4747 4750 4669
4745 4753 4754
4745 4754 4746
4746 4754 4758
4746 4758 4750
4760 4761 4660
4760 4660 4753
4764 4725 4766
4764 4766 4767
4767 4766 4724
4767 4724 4771
4772 4764 4767
4772 4767 4775
4775 4767 4771
4775 4771 4677
4780 4781 4782
4780 4782 4783
4783 4782 4672
4783 4672 4787
4788 4780 4783
4788 4783 4791
4791 4783 4787
4791 4787 4795
4788 4561 4798
4788 4798 4799
4541 4713 4802
4541 4802 4803
4803 4802 4712
4803 4712 4807
4542 4541 4803
4542 4803 4811
4811 4803 4807
4811 4807 4815
4527 4529 4818
4527 4818 4819
4819 4818 4822
4819 4822 4823
4524 4527 4819
4524 4819 4827
4827 4819 4823
4827 4823 4549
4469 4475 4834
4469 4834 4835
4835 4834 4546
4835 4546 4839
4470 4469 4835
4470 4835 4843
4843 4835 4839
4843 4839 4847
4458 4457 4850
4458 4850 4851
4851 4850 4854
4851 4854 4855
4696 4458 4851
4696 4851 4859
4859 4851 4855
4859 4855 4697
4517 4521 4866
4517 4866 4867
4867 4866 4548
4867 4548 4871
4513 4517 4867
4513 4867 4875
4875 4867 4871
4875 4871 4879
4509 4513 4875
4509 4875 4883
4883 4875 4879
4883 4879 4887
4505 4509 4883
4505 4883 4891
4891 4883 4887
4891 4887 4895
4501 4505 4891
4501 4891 4899
4899 4891 4895
4899 4895 4903
4497 4501 4899
4497 4899 4907
4907 4899 4903
4907 4903 4911
4493 4497 4907
4493 4907 4915
4915 4907 4911
4915 4911 4919
4489 4493 4915
4489 4915 4923
4923 4915 4919
4923 4919 4927
4485 4489 4923
4485 4923 4931
4931 4923 4927
4931 4927 4935
4481 4485 4931
4481 4931 4939
4939 4931 4935
4939 4935 4943
4477 4481 4939
4477 4939 4947
4947 4939 4943
4947 4943 4951
4478 4477 4947
4478 4947 4955
4955 4947 4951
4955 4951 4547
4960 4724 4727
4960 4727 4963
4724 4960 4966
4724 4966 4771
4771 4966 4970
4771 4970 4677
4678 4970 4974
4678 4974 4674
4672 4977 4978
4672 4978 4787
4674 4974 4977
4674 4977 4675
4787 4978 4986
4787 4986 4795
4562 4986 4990
4562 4990 4558
4558 4990 4994
4558 4994 4554
4554 4994 4998
4554 4998 4555
4555 4998 5002
4555 5002 5003
5004 5005 5006
5004 5006 4662
4662 5006 5010
4662 5010 4663
4758 5010 5014
4758 5014 4750
4750 5014 5018
4750 5018 4669
4670 5018 5022
4670 5022 4666
4666 5022 5026
4666 5026 4667
4664 5026 5030
4664 5030 4734
4734 5030 5034
4734 5034 4709
4709 5034 5038
4709 5038 4710
5034 5041 5042
5034 5042 5038
5041 4700 4703
5041 4703 5042
5030 5049 5041
5030 5041 5034
5049 4704 4700
5049 4700 5041
5026 5057 5049
5026 5049 5030
5057 5061 5062
5057 5062 5049
5022 5065 5057
5022 5057 5026
5065 4564 5061
5065 5061 5057
5018 5073 5065
5018 5065 5022
4564 5065 5073
4564 5073 4565
5014 5081 5073
5014 5073 5018
5081 4573 4565
5081 4565 5073
5010 5089 5081
5010 5081 5014
5089 4581 4573
5089 4573 5081
5006 5097 5089
5006 5089 5010
5097 4589 4581
5097 4581 5089
5005 5105 5097
5005 5097 5006
5105 5109 4589
5105 4589 5097
5112 5113 5105
5112 5105 5005
5113 4596 5109
5113 5109 5105
5120 5121 5113
5120 5113 5112
5121 4597 4596
5121 4596 5113
5128 5129 5121
5128 5121 5120
5129 4605 4597
5129 4597 5121
5136 5137 5129
5136 5129 5128
4499 5129 5137
4499 5137 4496
5144 5145 5137
5144 5137 5136
5145 4500 4496
5145 4496 5137
5002 5153 5145
5002 5145 5144
5153 4613 4612
5153 4612 5145
4994 5161 5162
4994 5162 4998
5161 5165 4621
5161 4621 5162
4998 5162 5153
4998 5153 5002
5162 4621 4613
5162 4613 5153
4990 5177 5161
4990 5161 4994
5177 4628 5165
5177 5165 5161
4986 5185 5177
4986 5177 4990
5185 4629 4628
5185 4628 5177
4978 5193 5185
4978 5185 4986
5193 4637 4629
5193 4629 5185
4977 5201 5193
4977 5193 4978
5201 4645 4637
5201 4637 5193
4974 5209 5201
4974 5201 4977
5209 4653 4645
5209 4645 5201
4970 5217 5209
4970 5209 4974
5217 5221 4653
5217 4653 5209
4966 5225 5217
4966 5217 4970
5225 5229 5221
5225 5221 5217
4960 5233 5225
4960 5225 4966
5233 4716 4719
5233 4719 5225
4963 5241 5233
4963 5233 4960
5241 4720 4716
5241 4716 5233
5248 4552 4555
5248 4555 5003
5252 5128 5120
5252 5120 5255
5256 5002 5144
5256 5144 5259
5260 5256 5259
5260 5259 5263
5264 5265 5120
5264 5120 5112
5004 5269 5264
5004 5264 5271
5271 5264 5112
5271 5112 5005
5276 5277 4460
5276 4460 4456
5062 5061 5282
5062 5282 5283
5061 4564 5286
5061 5286 5282
5288 5289 4480
5288 4480 4476
5289 5293 4484
5289 4484 4480
4589 5109 5298
4589 5298 5299
5109 4596 5302
5109 5302 5298
5304 5305 4512
5304 4512 4508
5305 5309 4516
5305 4516 4512
4621 5165 5314
4621 5314 5315
5165 4628 5318
5165 5318 5314
5320 5321 4536
5320 4536 4532
5321 5325 4540
5321 4540 4536
4653 5221 5330
4653 5330 5331
5221 5229 5334
5221 5334 5330
5336 5337 5269
5336 5269 5004
4661 5336 5004
4661 5004 4662
5337 5345 5346
5337 5346 5269
5269 5346 5265
5269 5265 5264
5352 5252 5255
5352 5255 5355
5356 5357 5358
5356 5358 5359
5360 5361 5362
5360 5362 5356
5364 5365 5361
5364 5361 5360
5368 5369 5370
5368 5370 5364
5369 5368 5374
5369 5374 5375
5376 5377 5378
5376 5378 5374
5380 5381 5377
5380 5377 5376
5384 5385 5381
5384 5381 5380
5388 5389 5385
5388 5385 5384
5392 5393 5389
5392 5389 5388
5396 5397 5393
5396 5393 5399
5397 5396 5402
5397 5402 5403
5404 5405 5403
5404 5403 5407
5408 5409 5405
5408 5405 5404
5412 5413 5409
5412 5409 5408
5416 5417 5413
5416 5413 5412
5420 5421 5417
5420 5417 5416
5424 5425 5426
5424 5426 5420
5428 5429 5425
5428 5425 5424
5432 5428 5434
5432 5434 5435
5436 5437 5435
5436 5435 5434
5440 5441 5442
5440 5442 5436
5444 5445 5446
5444 5446 5447
5448 5449 5450
5448 5450 5451
5452 5453 5454
5452 5454 5455
5453 5457 5458
5453 5458 5454
5457 5461 5462
5457 5462 5458
5464 5465 5466
5464 5466 5467
5467 5466 5364
5467 5364 5360
5465 5473 5474
5465 5474 5466
5466 5474 5368
5466 5368 5364
5473 5481 5482
5473 5482 5474
5474 5482 5374
5474 5374 5368
5481 5489 5490
5481 5490 5482
5482 5490 5376
5482 5376 5374
5496 5497 5498
5496 5498 5499
5499 5498 5388
5499 5388 5384
5497 5505 5506
5497 5506 5498
5498 5506 5392
5498 5392 5388
5512 5513 5514
5512 5514 5515
5515 5514 5404
5515 5404 5407
5513 5521 5522
5513 5522 5514
5514 5522 5408
5514 5408 5404
5528 5529 5530
5528 5530 5531
5531 5530 5420
5531 5420 5416
5529 5537 5538
5529 5538 5530
5530 5538 5424
5530 5424 5420
5537 5545 5546
5537 5546 5538
5538 5546 5428
5538 5428 5424
5545 5553 5554
5545 5554 5546
5546 5554 5434
5546 5434 5428
5560 5561 5562
5560 5562 5563
5564 5565 5566
5564 5566 5567
5565 5569 5570
5565 5570 5566
5572 5573 5574
5572 5574 5575
5573 5577 5578
5573 5578 5574
5361 5365 5370
5361 5370 5583
5362 5361 5583
5362 5583 5357
5432 5435 5590
5432 5590 5429
5435 5437 5442
5435 5442 5590
5596 5597 5598
5596 5598 5599
5599 5601 5602
5599 5602 5596
5604 5358 5596
5604 5596 5602
5608 5609 5610
5608 5610 5611
5612 5613 5614
5612 5614 5615
5616 5615 5441
5616 5441 5619
5620 5612 5615
5620 5615 5616
5624 5625 5626
5624 5626 5627
5610 5629 5630
5610 5630 5631
5631 5630 5634
5631 5634 5611
5629 5637 5638
5629 5638 5630
5630 5638 5564
5630 5564 5634
5644 5645 5646
5644 5646 5647
5647 5646 5650
5647 5650 5569
5645 5653 5654
5645 5654 5646
5646 5654 5658
5646 5658 5650
5560 5653 5662
5560 5662 5663
5664 5627 5666
5664 5666 5667
5667 5666 5626
5667 5626 5671
5672 5664 5667
5672 5667 5675
5675 5667 5671
5675 5671 5577
5680 5681 5682
5680 5682 5683
5683 5682 5572
5683 5572 5687
5688 5680 5683
5688 5683 5691
5691 5683 5687
5691 5687 5695
5688 5461 5698
5688 5698 5699
5441 5615 5702
5441 5702 5703
5703 5702 5614
5703 5614 5707
5442 5441 5703
5442 5703 5711
5711 5703 5707
5711 5707 5715
5425 5429 5718
5425 5718 5719
5719 5718 5722
5719 5722 5723
5426 5425 5719
5426 5719 5727
5727 5719 5723
5727 5723 5449
5369 5375 5734
5369 5734 5735
5735 5734 5446
5735 5446 5739
5370 5369 5735
5370 5735 5743
5743 5735 5739
5743 5739 5747
5358 5357 5750
5358 5750 5751
5751 5750 5754
5751 5754 5755
5596 5358 5751
5596 5751 5759
5759 5751 5755
5759 5755 5597
5417 5421 5766
5417 5766 5767
5767 5766 5448
5767 5448 5771
5413 5417 5767
5413 5767 5775
5775 5767 5771
5775 5771 5779
5409 5413 5775
5409 5775 5783
5783 5775 5779
5783 5779 5787
5405 5409 5783
5405 5783 5791
5791 5783 5787
5791 5787 5795
5403 5405 5791
5403 5791 5799
5799 5791 5795
5799 5795 5803
5397 5403 5799
5397 5799 5807
5807 5799 5803
5807 5803 5811
5393 5397 5807
5393 5807 5815
5815 5807 5811
5815 5811 5819
5389 5393 5815
5389 5815 5823
5823 5815 5819
5823 5819 5827
5385 5389 5823
5385 5823 5831
5831 5823 5827
5831 5827 5835
5381 5385 5831
5381 5831 5839
5839 5831 5835
5839 5835 5843
5377 5381 5839
5377 5839 5847
5847 5839 5843
5847 5843 5851
5378 5377 5847
5378 5847 5855
5855 5847 5851
5855 5851 5447
5625 5861 5862
5625 5862 5626
5626 5862 5866
5626 5866 5671
5671 5866 5870
5671 5870 5577
5578 5870 5874
5578 5874 5574
5572 5877 5878
5572 5878 5687
5877 5575 5574
5877 5574 5874
5687 5878 5886
5687 5886 5695
5462 5886 5890
5462 5890 5458
5458 5890 5894
5458 5894 5454
5454 5894 5898
5454 5898 5455
5455 5898 5902
5455 5902 5903
5904 5905 5906
5904 5906 5562
5562 5906 5910
5562 5910 5563
5658 5910 5914
5658 5914 5650
5650 5914 5918
5650 5918 5569
5570 5918 5922
5570 5922 5566
5566 5922 5926
5566 5926 5567
5564 5926 5930
5564 5930 5634
5634 5930 5934
5634 5934 5611
5936 5608 5611
5936 5611 5934
5934 5941 5942
5934 5942 5936
5941 5602 5601
5941 5601 5942
5930 5949 5941
5930 5941 5934
5949 5604 5602
5949 5602 5941
5926 5957 5949
5926 5949 5930
5957 5961 5962
5957 5962 5949
5922 5965 5957
5922 5957 5926
5965 5464 5961
5965 5961 5957
5918 5973 5965
5918 5965 5922
5464 5965 5973
5464 5973 5465
5914 5981 5973
5914 5973 5918
5981 5473 5465
5981 5465 5973
5910 5989 5981
5910 5981 5914
5989 5481 5473
5989 5473 5981
5906 5997 5989
5906 5989 5910
5997 5489 5481
5997 5481 5989
5905 6005 5997
5905 5997 5906
6005 6009 5489
6005 5489 5997
6012 6013 6005
6012 6005 5905
6013 5496 6009
6013 6009 6005
6020 6021 6013
6020 6013 6012
6021 5497 5496
6021 5496 6013
6028 6029 6021
6028 6021 6020
6029 5505 5497
6029 5497 6021
6036 6037 6029
6036 6029 6028
6037 5396 5399
6037 5399 6029
6037 6036 6046
6037 6046 6047
6047 5402 5396
6047 5396 6037
5902 6053 6047
5902 6047 6046
6053 5513 5512
6053 5512 6047
5894 6061 6062
5894 6062 5898
6061 6065 5521
6061 5521 6062
5898 6062 6053
5898 6053 5902
6062 5521 5513
6062 5513 6053
5890 6077 6061
5890 6061 5894
6077 5528 6065
6077 6065 6061
5886 6085 6077
5886 6077 5890
6085 5529 5528
6085 5528 6077
5878 6093 6085
5878 6085 5886
6093 5537 5529
6093 5529 6085
5877 6101 6093
5877 6093 5878
6101 5545 5537
6101 5537 6093
5874 6109 6101
5874 6101 5877
6109 5553 5545
6109 5545 6101
5870 6117 6109
5870 6109 5874
6117 6121 5553
6117 5553 6109
5866 6125 6117
5866 6117 5870
6125 6129 6121
6125 6121 6117
5862 6133 6125
5862 6125 5866
6133 5616 5619
6133 5619 6125
5861 6141 6133
5861 6133 5862
6141 5620 5616
6141 5616 6133
6148 5452 5455
6148 5455 5903
6152 6028 6020
6152 6020 6155
6156 5902 6046
6156 6046 6159
6160 6156 6159
6160 6159 6163
6164 6165 6020
6164 6020 6012
5904 6169 6164
5904 6164 6171
6171 6164 6012
6171 6012 5905
6176 6177 5356
6176 5356 5359
6177 6181 5360
6177 5360 5356
5962 5961 6186
5962 6186 6187
5961 5464 6190
5961 6190 6186
6192 6193 5380
6192 5380 5376
6193 6197 5384
6193 5384 5380
5489 6009 6202
5489 6202 6203
6009 5496 6206
6009 6206 6202
6208 6209 5412
6208 5412 5408
6209 6213 5416
6209 5416 5412
5521 6065 6218
5521 6218 6219
6065 5528 6222
6065 6222 6218
6224 6225 5436
6224 5436 5434
5553 6121 6230
5553 6230 6231
6121 6129 6234
6121 6234 6230
6236 6237 6169
6236 6169 5904
5561 6236 5904
5561 5904 5562
6237 6245 6246
6237 6246 6169
6169 6246 6165
6169 6165 6164
6252 6152 6155
6252 6155 6255
4459 4458 4457
4459 4457 4456
4456 4462 4461
4456 4461 4460
4460 4461 4467
4460 4467 4466
4466 4470 4469
4466 4469 4468
4468 4469 4475
4468 4475 4474
4474 4478 4477
4474 4477 4476
4476 4477 4481
4476 4481 4480
4480 4481 4485
4480 4485 4484
4484 4485 4489
4484 4489 4488
4488 4489 4493
4488 4493 4492
4499 4493 4497
4499 4497 4496
4496 4497 4501
4496 4501 4500
4507 4501 4505
4507 4505 4504
4504 4505 4509
4504 4509 4508
4508 4509 4513
4508 4513 4512
4512 4513 4517
4512 4517 4516
4516 4517 4521
4516 4521 4520
4520 4524 4527
4520 4527 4526
4526 4527 4529
4526 4529 4528
4528 4534 4533
4528 4533 4532
4532 4533 4537
4532 4537 4536
4536 4542 4541
4536 4541 4540
4547 4546 4545
4547 4545 4544
4551 4550 4549
4551 4549 4548
5004 5269 5337
5004 5337 5336
4558 4562 4561
4558 4561 4557
4567 4566 4565
4567 4565 4564
4460 4466 4566
4460 4566 4567
4566 4574 4573
4566 4573 4565
4466 4468 4574
4466 4574 4566
4574 4582 4581
4574 4581 4573
4468 4474 4582
4468 4582 4574
4582 4590 4589
4582 4589 4581
4474 4476 4590
4474 4590 4582
4599 4598 4597
4599 4597 4596
4484 4488 4598
4484 4598 4599
4598 4606 4605
4598 4605 4597
4488 4492 4606
4488 4606 4598
4615 4614 4613
4615 4613 4612
4507 4504 4614
4507 4614 4615
4614 4622 4621
4614 4621 4613
4504 4508 4622
4504 4622 4614
4631 4630 4629
4631 4629 4628
4516 4520 4630
4516 4630 4631
4630 4638 4637
4630 4637 4629
4520 4526 4638
4520 4638 4630
4638 4646 4645
4638 4645 4637
4526 4528 4646
4526 4646 4638
4646 4654 4653
4646 4653 4645
4528 4532 4654
4528 4654 4646
4663 4662 4661
4663 4661 4660
4662 5004 5336
4662 5336 4661
4667 4666 4665
4667 4665 4664
4666 4670 4669
4666 4669 4665
4675 4674 4673
4675 4673 4672
4674 4678 4677
4674 4677 4673
4683 4470 4467
4683 4467 4461
4457 4683 4461
4457 4461 4462
4529 4690 4533
4529 4533 4534
4690 4542 4537
4690 4537 4533
4699 4698 4697
4699 4697 4696
4703 4699 4696
4703 4696 4700
4700 4696 4458
4700 4458 4704
4711 4710 4709
4711 4709 4708
4713 4712 4715
4713 4715 4714
4719 4541 4713
4719 4713 4716
4716 4713 4714
4716 4714 4720
4725 4724 4727
4725 4727 4726
4731 4730 4729
4731 4729 4708
4709 4734 4730
4709 4730 4731
4730 4738 4737
4730 4737 4729
4734 4664 4738
4734 4738 4730
4747 4746 4745
4747 4745 4744
4669 4750 4746
4669 4746 4747
4746 4754 4753
4746 4753 4745
4750 4758 4754
4750 4754 4746
4753 4660 4761
4753 4761 4760
4767 4766 4725
4767 4725 4764
4771 4724 4766
4771 4766 4767
4775 4767 4764
4775 4764 4772
4677 4771 4767
4677 4767 4775
4783 4782 4781
4783 4781 4780
4787 4672 4782
4787 4782 4783
4791 4783 4780
4791 4780 4788
4795 4787 4783
4795 4783 4791
4799 4798 4561
4799 4561 4788
4803 4802 4713
4803 4713 4541
4807 4712 4802
4807 4802 4803
4811 4803 4541
4811 4541 4542
4815 4807 4803
4815 4803 4811
4819 4818 4529
4819 4529 4527
4823 4822 4818
4823 4818 4819
4827 4819 4527
4827 4527 4524
4549 4823 4819
4549 4819 4827
4835 4834 4475
4835 4475 4469
4839 4546 4834
4839 4834 4835
4843 4835 4469
4843 4469 4470
4847 4839 4835
4847 4835 4843
4851 4850 4457
4851 4457 4458
4855 4854 4850
4855 4850 4851
4859 4851 4458
4859 4458 4696
4697 4855 4851
4697 4851 4859
4867 4866 4521
4867 4521 4517
4871 4548 4866
4871 4866 4867
4875 4867 4517
4875 4517 4513
4879 4871 4867
4879 4867 4875
4883 4875 4513
4883 4513 4509
4887 4879 4875
4887 4875 4883
4891 4883 4509
4891 4509 4505
4895 4887 4883
4895 4883 4891
4899 4891 4505
4899 4505 4501
4903 4895 4891
4903 4891 4899
4907 4899 4501
4907 4501 4497
4911 4903 4899
4911 4899 4907
4915 4907 4497
4915 4497 4493
4919 4911 4907
4919 4907 4915
4923 4915 4493
4923 4493 4489
4927 4919 4915
4927 4915 4923
4931 4923 4489
4931 4489 4485
4935 4927 4923
4935 4923 4931
4939 4931 4485
4939 4485 4481
4943 4935 4931
4943 4931 4939
4947 4939 4481
4947 4481 4477
4951 4943 4939
4951 4939 4947
4955 4947 4477
4955 4477 4478
4547 4951 4947
4547 4947 4955
4724 4960 4963
4724 4963 4727
4771 4966 4960
4771 4960 4724
4677 4970 4966
4677 4966 4771
4674 4974 4970
4674 4970 4678
4787 4978 4977
4787 4977 4672
4675 4977 4974
4675 4974 4674
4795 4986 4978
4795 4978 4787
4558 4990 4986
4558 4986 4562
4554 4994 4990
4554 4990 4558
4555 4998 4994
4555 4994 4554
5003 5002 4998
5003 4998 4555
4662 5006 5005
4662 5005 5004
4663 5010 5006
4663 5006 4662
5010 4758 4750
5010 4750 5014
4669 5018 5014
4669 5014 4750
5018 4670 4666
5018 4666 5022
4667 5026 5022
4667 5022 4666
4734 5030 5026
4734 5026 4664
4709 5034 5030
4709 5030 4734
4710 5038 5034
4710 5034 4709
5038 5042 5041
5038 5041 5034
5042 4703 4700
5042 4700 5041
5034 5041 5049
5034 5049 5030
5041 4700 4704
5041 4704 5049
5030 5049 5057
5030 5057 5026
5049 5062 5061
5049 5061 5057
5026 5057 5065
5026 5065 5022
5057 5061 4564
5057 4564 5065
5022 5065 5073
5022 5073 5018
5065 4564 4565
5065 4565 5073
5018 5073 5081
5018 5081 5014
5073 4565 4573
5073 4573 5081
5014 5081 5089
5014 5089 5010
5081 4573 4581
5081 4581 5089
5010 5089 5097
5010 5097 5006
5089 4581 4589
5089 4589 5097
5006 5097 5105
5006 5105 5005
5097 4589 5109
5097 5109 5105
5005 5105 5113
5005 5113 5112
5105 5109 4596
5105 4596 5113
5112 5113 5121
5112 5121 5120
5113 4596 4597
5113 4597 5121
5120 5121 5129
5120 5129 5128
5121 4597 4605
5121 4605 5129
5128 5129 5137
5128 5137 5136
5129 4499 4496
5129 4496 5137
5136 5137 5145
5136 5145 5144
5137 4496 4500
5137 4500 5145
5144 5145 5153
5144 5153 5002
5145 4612 4613
5145 4613 5153
4998 5162 5161
4998 5161 4994
5162 4621 5165
5162 5165 5161
5002 5153 5162
5002 5162 4998
5153 4613 4621
5153 4621 5162
4994 5161 5177
4994 5177 4990
5161 5165 4628
5161 4628 5177
4990 5177 5185
4990 5185 4986
5177 4628 4629
5177 4629 5185
4986 5185 5193
4986 5193 4978
5185 4629 4637
5185 4637 5193
4978 5193 5201
4978 5201 4977
5193 4637 4645
5193 4645 5201
4977 5201 5209
4977 5209 4974
5201 4645 4653
5201 4653 5209
4974 5209 5217
4974 5217 4970
5209 4653 5221
5209 5221 5217
4970 5217 5225
4970 5225 4966
5217 5221 5229
5217 5229 5225
4966 5225 5233
4966 5233 4960
5225 4719 4716
5225 4716 5233
4960 5233 5241
4960 5241 4963
4720 5241 5233
4720 5233 4716
5269 5346 5345
5269 5345 5337
5255 5120 5128
5255 5128 5252
5259 5144 5002
5259 5002 5256
5264 5265 5346
5264 5346 5269
5112 5120 5265
5112 5265 5264
5271 5264 5269
5271 5269 5004
5005 5112 5264
5005 5264 5271
4459 4456 5276
4459 5276 7079
4456 4460 5277
4456 5277 5276
5283 5282 5061
5283 5061 5062
5282 5286 4564
5282 4564 5061
4476 4480 5289
4476 5289 5288
4480 4484 5293
4480 5293 5289
5299 5298 5109
5299 5109 4589
5298 5302 4596
5298 4596 5109
4508 4512 5305
4508 5305 5304
4512 4516 5309
4512 5309 5305
5315 5314 5165
5315 5165 4621
5314 5318 4628
5314 4628 5165
4532 4536 5321
4532 5321 5320
5331 5330 5221
5331 5221 4653
5330 5334 5229
5330 5229 5221
5355 5255 5252
5355 5252 5352
4536 4540 5325
4536 5325 5321
5359 5358 5357
5359 5357 5356
5356 5362 5361
5356 5361 5360
5365 5364 5360
5365 5360 5361
5364 5370 5369
5364 5369 5368
5368 5369 5375
5368 5375 5374
5374 5378 5377
5374 5377 5376
5376 5377 5381
5376 5381 5380
5380 5381 5385
5380 5385 5384
5384 5385 5389
5384 5389 5388
5388 5389 5393
5388 5393 5392
5399 5393 5397
5399 5397 5396
5396 5397 5403
5396 5403 5402
5407 5403 5405
5407 5405 5404
5404 5405 5409
5404 5409 5408
5408 5409 5413
5408 5413 5412
5412 5413 5417
5412 5417 5416
5416 5417 5421
5416 5421 5420
5420 5426 5425
5420 5425 5424
5424 5425 5429
5424 5429 5428
5428 5432 5435
5428 5435 5434
5434 5435 5437
5434 5437 5436
5436 5442 5441
5436 5441 5440
5447 5446 5445
5447 5445 5444
5451 5450 5449
5451 5449 5448
5904 6169 6237
5904 6237 6236
5458 5462 5461
5458 5461 5457
5467 5466 5465
5467 5465 5464
5360 5364 5466
5360 5466 5467
5466 5474 5473
5466 5473 5465
5364 5368 5474
5364 5474 5466
5474 5482 5481
5474 5481 5473
5368 5374 5482
5368 5482 5474
5482 5490 5489
5482 5489 5481
5374 5376 5490
5374 5490 5482
5499 5498 5497
5499 5497 5496
5384 5388 5498
5384 5498 5499
5498 5506 5505
5498 5505 5497
5388 5392 5506
5388 5506 5498
5515 5514 5513
5515 5513 5512
5407 5404 5514
5407 5514 5515
5514 5522 5521
5514 5521 5513
5404 5408 5522
5404 5522 5514
5531 5530 5529
5531 5529 5528
5416 5420 5530
5416 5530 5531
5530 5538 5537
5530 5537 5529
5420 5424 5538
5420 5538 5530
5538 5546 5545
5538 5545 5537
5424 5428 5546
5424 5546 5538
5546 5554 5553
5546 5553 5545
5428 5434 5554
5428 5554 5546
5563 5562 5561
5563 5561 5560
5562 5904 6236
5562 6236 5561
5567 5566 5565
5567 5565 5564
5566 5570 5569
5566 5569 5565
5575 5574 5573
5575 5573 5572
5574 5578 5577
5574 5577 5573
5583 5370 5365
5583 5365 5361
5357 5583 5361
5357 5361 5362
5429 5590 5435
5429 5435 5432
5590 5442 5437
5590 5437 5435
5597 5596 5599
5597 5599 5598
5601 5599 5596
5601 5596 5602
5602 5596 5358
5602 5358 5604
5609 5608 5611
5609 5611 5610
5615 5614 5613
5615 5613 5612
5619 5441 5615
5619 5615 5616
5616 5615 5612
5616 5612 5620
5627 5626 5625
5627 5625 5624
5631 5630 5629
5631 5629 5610
5611 5634 5630
5611 5630 5631
5630 5638 5637
5630 5637 5629
5634 5564 5638
5634 5638 5630
5647 5646 5645
5647 5645 5644
5569 5650 5646
5569 5646 5647
5646 5654 5653
5646 5653 5645
5650 5658 5654
5650 5654 5646
5653 5560 5663
5653 5663 5662
5667 5666 5627
5667 5627 5664
5671 5626 5666
5671 5666 5667
5675 5667 5664
5675 5664 5672
5577 5671 5667
5577 5667 5675
5683 5682 5681
5683 5681 5680
5687 5572 5682
5687 5682 5683
5691 5683 5680
5691 5680 5688
5695 5687 5683
5695 5683 5691
5461 5688 5699
5461 5699 5698
5703 5702 5615
5703 5615 5441
5707 5614 5702
5707 5702 5703
5711 5703 5441
5711 5441 5442
5715 5707 5703
5715 5703 5711
5719 5718 5429
5719 5429 5425
5723 5722 5718
5723 5718 5719
5727 5719 5425
5727 5425 5426
5449 5723 5719
5449 5719 5727
5735 5734 5375
5735 5375 5369
5739 5446 5734
5739 5734 5735
5743 5735 5369
5743 5369 5370
5747 5739 5735
5747 5735 5743
5751 5750 5357
5751 5357 5358
5755 5754 5750
5755 5750 5751
5759 5751 5358
5759 5358 5596
5597 5755 5751
5597 5751 5759
5767 5766 5421
5767 5421 5417
5771 5448 5766
5771 5766 5767
5775 5767 5417
5775 5417 5413
5779 5771 5767
5779 5767 5775
5783 5775 5413
5783 5413 5409
5787 5779 5775
5787 5775 5783
5791 5783 5409
5791 5409 5405
5795 5787 5783
5795 5783 5791
5799 5791 5405
5799 5405 5403
5803 5795 5791
5803 5791 5799
5807 5799 5403
5807 5403 5397
5811 5803 5799
5811 5799 5807
5815 5807 5397
5815 5397 5393
5819 5811 5807
5819 5807 5815
5823 5815 5393
5823 5393 5389
5827 5819 5815
5827 5815 5823
5831 5823 5389
5831 5389 5385
5835 5827 5823
5835 5823 5831
5839 5831 5385
5839 5385 5381
5843 5835 5831
5843 5831 5839
5847 5839 5381
5847 5381 5377
5851 5843 5839
5851 5839 5847
5855 5847 5377
5855 5377 5378
5447 5851 5847
5447 5847 5855
5626 5862 5861
5626 5861 5625
5671 5866 5862
5671 5862 5626
5577 5870 5866
5577 5866 5671
5574 5874 5870
5574 5870 5578
5687 5878 5877
5687 5877 5572
5575 5877 5874
5575 5874 5574
5878 5687 5695
5878 5695 5886
5458 5890 5886
5458 5886 5462
5454 5894 5890
5454 5890 5458
5455 5898 5894
5455 5894 5454
5903 5902 5898
5903 5898 5455
5562 5906 5905
5562 5905 5904
5563 5910 5906
5563 5906 5562
5650 5914 5910
5650 5910 5658
5569 5918 5914
5569 5914 5650
5918 5570 5566
5918 5566 5922
5567 5926 5922
5567 5922 5566
5634 5930 5926
5634 5926 5564
5611 5934 5930
5611 5930 5634
5608 5936 5934
5608 5934 5611
5936 5942 5941
5936 5941 5934
5942 5601 5602
5942 5602 5941
5934 5941 5949
5934 5949 5930
5941 5602 5604
5941 5604 5949
5930 5949 5957
5930 5957 5926
5949 5962 5961
5949 5961 5957
5926 5957 5965
5926 5965 5922
5957 5961 5464
5957 5464 5965
5922 5965 5973
5922 5973 5918
5465 5973 5965
5465 5965 5464
5918 5973 5981
5918 5981 5914
5973 5465 5473
5973 5473 5981
5914 5981 5989
5914 5989 5910
5981 5473 5481
5981 5481 5989
5910 5989 5997
5910 5997 5906
5989 5481 5489
5989 5489 5997
5906 5997 6005
5906 6005 5905
5997 5489 6009
5997 6009 6005
5905 6005 6013
5905 6013 6012
6005 6009 5496
6005 5496 6013
6012 6013 6021
6012 6021 6020
6013 5496 5497
6013 5497 6021
6020 6021 6029
6020 6029 6028
6021 5497 5505
6021 5505 6029
6028 6029 6037
6028 6037 6036
6029 5399 5396
6029 5396 6037
6036 6037 6047
6036 6047 6046
6037 5396 5402
6037 5402 6047
6046 6047 6053
6046 6053 5902
6047 5512 5513
6047 5513 6053
5898 6062 6061
5898 6061 5894
6062 5521 6065
6062 6065 6061
5902 6053 6062
5902 6062 5898
6053 5513 5521
6053 5521 6062
5894 6061 6077
5894 6077 5890
6061 6065 5528
6061 5528 6077
5890 6077 6085
5890 6085 5886
6077 5528 5529
6077 5529 6085
5886 6085 6093
5886 6093 5878
6085 5529 5537
6085 5537 6093
5878 6093 6101
5878 6101 5877
6093 5537 5545
6093 5545 6101
6109 5874 5877
6109 5877 6101
5553 6109 6101
5553 6101 5545
5874 6109 6117
5874 6117 5870
6109 5553 6121
6109 6121 6117
5870 6117 6125
5870 6125 5866
6117 6121 6129
6117 6129 6125
5866 6125 6133
5866 6133 5862
6125 5619 5616
6125 5616 6133
5862 6133 6141
5862 6141 5861
6133 5616 5620
6133 5620 6141
6169 6246 6245
6169 6245 6237
6155 6020 6028
6155 6028 6152
6159 6046 5902
6159 5902 6156
6164 6165 6246
6164 6246 6169
6012 6020 6165
6012 6165 6164
6171 6164 6169
6171 6169 5904
5905 6012 6164
5905 6164 6171
5356 5360 6181
5356 6181 6177
6187 6186 5961
6187 5961 5962
6186 6190 5464
6186 5464 5961
5376 5380 6193
5376 6193 6192
5380 5384 6197
5380 6197 6193
6203 6202 6009
6203 6009 5489
6202 6206 5496
6202 5496 6009
5408 5412 6209
5408 6209 6208
5412 5416 6213
5412 6213 6209
6219 6218 6065
6219 6065 5521
6218 6222 5528
6218 5528 6065
5434 5436 6225
5434 6225 6224
5436 5440 8014
5436 8014 6225
6231 6230 6121
6231 6121 5553
6230 6234 6129
6230 6129 6121
6255 6155 6152
6255 6152 6252
5359 5356 6177
5359 6177 6176
8032 8033 8034
8032 8034 8032
8036 8037 8038
8036 8038 8036
8038 8041 8032
8038 8032 8034
8034 8033 8046
8034 8046 8047
8038 8034 8047
8038 8047 8051
8036 8038 8051
8036 8051 8055
8033 8036 8055
8033 8055 8046
8047 8046 8055
8047 8055 8051
1864 1737 8036
1864 8036 8067
1865 1864 8067
1865 8067 8071
1737 1736 8041
1737 8041 8036
